2.428460e-54
1.733923e-50
8.953808e-47
3.374332e-43
9.388998e-40
1.958748e-36
3.128501e-33
3.938481e-30
4.073219e-27
3.674075e-24
3.152730e-21
2.915265e-18
3.448312e-15
6.466874e-12
2.390108e-08
1.822362e-04
1.308542e-01
4.772344e+00
2.127707e+01
4.199728e+01
5.429817e+01
5.241308e+01
4.331197e+01
3.215665e+01
2.148540e+01
1.253005e+01
5.968149e+00
2.225525e+00
7.909875e-01
2.476305e-01
3.751081e-01
1.400454e+00
4.300113e+00
8.514029e+00
1.445701e+01
2.164114e+01
2.998765e+01
3.884216e+01
4.496122e+01
3.871676e+01
1.848903e+01
2.773310e+00
3.008350e-02
3.803581e-08
7.198540e-04
1.970152e-16
7.291033e-20
2.797694e-23
8.401696e-27
1.711138e-30
2.186334e-34
1.674146e-38
7.461503e-43
1.896671e-47
2.708070e-52
2.145416e-57
9.334080e-63
2.210294e-68
2.826120e-74
1.937209e-80
7.072772e-87
